Date,Open,High,Low,Close,Volume
2025-01-01,2250.50,2280.25,2235.10,2275.80,1250000
2025-01-02,2275.80,2305.40,2260.50,2298.75,1380000
2025-01-03,2298.75,2310.20,2278.40,2285.60,1175000
2025-01-04,2285.60,2302.80,2268.20,2295.40,1290000
2025-01-05,2295.40,2335.60,2290.40,2325.20,1450000
2025-01-06,2325.10,2348.90,2310.30,2338.60,1520000
2025-01-07,2338.60,2330.50,2295.20,2320.10,1340000
2025-01-08,2320.10,2355.80,2318.70,2348.90,1480000
2025-01-09,2348.90,2372.40,2338.10,2360.50,1610000
2025-01-10,2360.50,2365.70,2328.60,2355.20,1430000
2025-01-11,2355.20,2388.50,2350.70,2378.80,1560000
2025-01-12,2378.80,2402.90,2365.20,2392.40,1690000
2025-01-13,2392.40,2395.30,2358.40,2385.70,1510000
2025-01-14,2385.70,2418.70,2380.90,2408.90,1730000
2025-01-15,2408.90,2432.60,2395.50,2422.50,1650000
2025-01-16,2422.50,2425.40,2388.20,2415.60,1580000
2025-01-17,2415.60,2448.80,2410.40,2438.20,1810000
2025-01-18,2438.20,2462.50,2425.10,2452.80,1760000
2025-01-19,2452.80,2455.30,2417.60,2445.30,1620000
2025-01-20,2445.30,2478.60,2438.80,2468.40,1850000
2025-01-21,2468.40,2492.80,2452.30,2482.70,1910000
2025-01-22,2482.70,2485.70,2445.20,2475.60,1740000
2025-01-23,2475.60,2508.40,2468.50,2498.20,1880000
2025-01-24,2498.20,2523.90,2482.70,2512.80,2020000
2025-01-25,2512.80,2515.60,2475.40,2505.40,1790000
2025-01-26,2505.40,2538.70,2498.30,2528.50,1960000
2025-01-27,2528.50,2553.80,2512.80,2542.70,2110000
2025-01-28,2542.70,2546.20,2505.60,2535.80,1840000
2025-01-29,2535.80,2568.90,2528.40,2558.30,2050000
2025-01-30,2558.30,2582.40,2542.20,2572.10,2180000
